0,1,2,3,4,5
6,7,8,9,10,11
12,13,14,15,16,17
18,19,20,21,22,23
24,25,26,27,28,29
30,31,32,33,34,35
36,37,38,39,40,41
42,43,44,45,46,47
48,49,50,51,52,53
54,55,56,57,58,59
0,6,12,18,24,30,36,42,48,54
1,7,13,19,25,31,37,43,49,55
2,8,14,20,26,32,38,44,50,56
3,9,15,21,27,33,39,45,51,57
4,10,16,22,28,34,40,46,52,58
5,11,17,23,29,35,41,47,53,59