0,1,2,3,4,5,6
7,8,9,10,11,12,13
14,15,16,17,18,19,20
0,7,14
1,8,15
2,9,16
3,10,17
4,11,18
5,12,19
6,13,20