0,1,2,3,4,5,6
7,8,9,10,11,12,13
14,15,16,17,18,19,20
21,22,23,24,25,26,27
0,7,14,21
1,8,15,22
2,9,16,23
3,10,17,24
4,11,18,25
5,12,19,26
6,13,20,27