0,1,2,3,4,5,6
7,8,9,10,11,12,13
14,15,16,17,18,19,20
21,22,23,24,25,26,27
28,29,30,31,32,33,34
0,7,14,21,28
1,8,15,22,29
2,9,16,23,30
3,10,17,24,31
4,11,18,25,32
5,12,19,26,33
6,13,20,27,34