0,1,2,3,4,5,6
7,8,9,10,11,12,13
14,15,16,17,18,19,20
21,22,23,24,25,26,27
28,29,30,31,32,33,34
35,36,37,38,39,40,41
42,43,44,45,46,47,48
49,50,51,52,53,54,55
0,7,14,21,28,35,42,49
1,8,15,22,29,36,43,50
2,9,16,23,30,37,44,51
3,10,17,24,31,38,45,52
4,11,18,25,32,39,46,53
5,12,19,26,33,40,47,54
6,13,20,27,34,41,48,55