0,1,2,3,4,5,6,7
8,9,10,11,12,13,14,15
16,17,18,19,20,21,22,23
24,25,26,27,28,29,30,31
32,33,34,35,36,37,38,39
40,41,42,43,44,45,46,47
0,8,16,24,32,40
1,9,17,25,33,41
2,10,18,26,34,42
3,11,19,27,35,43
4,12,20,28,36,44
5,13,21,29,37,45
6,14,22,30,38,46
7,15,23,31,39,47