0,1,2,3,4,5,6,7,8,9
1,10,11,12,13,14,15,16,17,18
2,11,19,20,21,22,23,24,25,26
3,12,20,27,28,29,30,31,32,33
4,13,21,28,34,35,36,37,38,39
5,14,22,29,35,40,41,42,43,44
6,15,23,30,36,41,45,46,47,48
7,16,24,31,37,42,46,49,50,51
8,17,25,32,38,43,47,50,52,53
9,18,26,33,39,44,48,51,53,54