0,1,2,3,4,5,6,7,8,9,10
1,11,12,13,14,15,16,17,18,19,20
2,12,21,22,23,24,25,26,27,28,29
3,13,22,30,31,32,33,34,35,36,37
4,14,23,31,38,39,40,41,42,43,44
5,15,24,32,39,45,46,47,48,49,50
6,16,25,33,40,46,51,52,53,54,55
7,17,26,34,41,47,52,56,57,58,59
8,18,27,35,42,48,53,57,60,61,62
9,19,28,36,43,49,54,58,61,63,64
10,20,29,37,44,50,55,59,62,64,65