0,1,2,3,4,5,6,7,8,9,10,11
1,12,13,14,15,16,17,18,19,20,21,22
2,13,23,24,25,26,27,28,29,30,31,32
3,14,24,33,34,35,36,37,38,39,40,41
4,15,25,34,42,43,44,45,46,47,48,49
5,16,26,35,43,50,51,52,53,54,55,56
6,17,27,36,44,51,57,58,59,60,61,62
7,18,28,37,45,52,58,63,64,65,66,67
8,19,29,38,46,53,59,64,68,69,70,71
9,20,30,39,47,54,60,65,69,72,73,74
10,21,31,40,48,55,61,66,70,73,75,76
11,22,32,41,49,56,62,67,71,74,76,77