0,1,2,3,4,5,6,7
1,8,9,10,11,12,13,14
2,9,15,16,17,18,19,20
3,10,16,21,22,23,24,25
4,11,17,22,26,27,28,29
5,12,18,23,27,30,31,32
6,13,19,24,28,31,33,34
7,14,20,25,29,32,34,35