0,1,2,3,4,5,6,7,8
1,9,10,11,12,13,14,15,16
2,10,17,18,19,20,21,22,23
3,11,18,24,25,26,27,28,29
4,12,19,25,30,31,32,33,34
5,13,20,26,31,35,36,37,38
6,14,21,27,32,36,39,40,41
7,15,22,28,33,37,40,42,43
8,16,23,29,34,38,41,43,44